image_width: 1280
image_height: 960
camera_name: 00b09d0100bec852_wide_left
camera_matrix:
  rows: 3
  cols: 3
  data: [1040.273738608442, 0, 671.4731672063234, 0, 1038.143856007878, 507.377546816165, 0, 0, 1]
distortion_model: plumb_bob
distortion_coefficients:
  rows: 1
  cols: 5
  data: [-0.3529198777719831, 0.1436926298293673, -5.641750614671585e-05, 0.0003109821630782092, 0]
rectification_matrix:
  rows: 3
  cols: 3
  data: [0.9999959034202965, -0.0009634302480877227, -0.002695356151258389, 0.0009585647588037889, 0.9999979100317431, -0.001805847653926372, 0.002697090326302827, 0.0018032565827085, 0.9999947369708846]
projection_matrix:
  rows: 3
  cols: 4
  data: [1004.321053939674, 0, 679.1529769897461, 0, 0, 1004.321053939674, 490.7599983215332, 0, 0, 0, 1, 0]