image_width: 1280
image_height: 960
camera_name: 00b09d0100bec852_wide_left
camera_matrix:
  rows: 3
  cols: 3
  data: [1046.964179262401, 0, 672.8125396206049, 0, 1046.848503584592, 500.910050136419, 0, 0, 1]
distortion_model: plumb_bob
distortion_coefficients:
  rows: 1
  cols: 5
  data: [-0.3508479682511884, 0.1399872180926132, 4.353354249737521e-05, 0.0001339911955839588, 0]
rectification_matrix:
  rows: 3
  cols: 3
  data: [0.999986321822837, -0.0001200439755313703, 0.005228934564281021, 0.0001218326453590615, 0.9999999341803736, -0.0003417543781542897, -0.005228893194560269, 0.0003423867585077122, 0.9999862706293859]
projection_matrix:
  rows: 3
  cols: 4
  data: [1010.901470360732, 0, 671.2914276123047, 0, 0, 1010.901470360732, 482.9956512451172, 0, 0, 0, 1, 0]