image_width: 1280
image_height: 960
camera_name: 00b09d0100bec852_wide_left
camera_matrix:
  rows: 3
  cols: 3
  data: [1079.55328189855, 0, 678.3271875401152, 0, 1079.988212057403, 493.7802118363884, 0, 0, 1]
distortion_model: plumb_bob
distortion_coefficients:
  rows: 1
  cols: 5
  data: [-0.3465912797910616, 0.1360019548212713, 0.0003330103633757629, -0.0008440944018925224, 0]
rectification_matrix:
  rows: 3
  cols: 3
  data: [0.9999988434079088, -0.0001983812077948952, 0.001507921662759229, 0.0001970380438231163, 0.9999995837944767, 0.0008908349354282456, -0.001508097760064344, -0.0008905367871609272, 0.9999984662915123]
projection_matrix:
  rows: 3
  cols: 4
  data: [1049.028445373842, 0, 683.1145172119141, 0, 0, 1049.028445373842, 474.1531791687012, 0, 0, 0, 1, 0]