image_width: 1280
image_height: 960
camera_name: 00b09d0100bec852_wide_left
camera_matrix:
  rows: 3
  cols: 3
  data: [1076.733183422016, 0, 633.6082706316139, 0, 1078.256340252819, 517.8706456521401, 0, 0, 1]
distortion_model: plumb_bob
distortion_coefficients:
  rows: 1
  cols: 5
  data: [-0.3392280422017654, 0.1310309497938499, -0.001490036154664239, -2.112863957973242e-05, 0]
rectification_matrix:
  rows: 3
  cols: 3
  data: [0.9995771199100925, -0.001997468412854175, -0.02901019600389283, 0.0019662513974888, 0.9999974569010575, -0.001104557313884213, 0.02901232854643871, 0.001047048880153933, 0.9995785054116342]
projection_matrix:
  rows: 3
  cols: 4
  data: [1055.259511611034, 0, 674.4996871948242, 0, 0, 1055.259511611034, 499.9519119262695, 0, 0, 0, 1, 0]