image_width: 1280
image_height: 960
camera_name: 00b09d0100bec852_wide_right
camera_matrix:
  rows: 3
  cols: 3
  data: [1044.284944042594, 0, 674.1312236704683, 0, 1043.345671269019, 463.862845385981, 0, 0, 1]
distortion_model: plumb_bob
distortion_coefficients:
  rows: 1
  cols: 5
  data: [-0.3508798401653069, 0.1374811725388119, 0.0003770206755697343, -0.0006989024472827553, 0]
rectification_matrix:
  rows: 3
  cols: 3
  data: [0.9999805497107381, -0.002037922395475523, 0.005894664750442695, 0.002035905868221154, 0.9999978669636352, 0.0003480739510576544, -0.005895361524608543, -0.0003360661983620216, 0.9999825657340254]
projection_matrix:
  rows: 3
  cols: 4
  data: [1010.901470360732, 0, 671.2914276123047, -243.2760385443041, 0, 1010.901470360732, 482.9956512451172, 0, 0, 0, 1, 0]