image_width: 1280
image_height: 960
camera_name: 00b09d0100bec852_wide_right
camera_matrix:
  rows: 3
  cols: 3
  data: [1072.894889761572, 0, 611.6814025648254, 0, 1077.985469691691, 482.0555327602446, 0, 0, 1]
distortion_model: plumb_bob
distortion_coefficients:
  rows: 1
  cols: 5
  data: [-0.3603042982267068, 0.206430391883238, -0.001038084931522705, 0.0008569201668099197, 0]
rectification_matrix:
  rows: 3
  cols: 3
  data: [0.9987434904656142, -0.002881091271175702, -0.05003138580579938, 0.002934936130845377, 0.9999951902701297, 0.001002789367137383, 0.05002825604065612, -0.001148368274614298, 0.9987471425980836]
projection_matrix:
  rows: 3
  cols: 4
  data: [1055.259511611034, 0, 674.4996871948242, -254.3117018983671, 0, 1055.259511611034, 499.9519119262695, 0, 0, 0, 1, 0]