image_width: 1280
image_height: 960
camera_name: 00b09d0100bec852_wide_right
camera_matrix:
  rows: 3
  cols: 3
  data: [1077.449016896554, 0, 660.5974719121269, 0, 1078.3339147897, 454.0277454422549, 0, 0, 1]
distortion_model: plumb_bob
distortion_coefficients:
  rows: 1
  cols: 5
  data: [-0.3455154939727492, 0.1333924260748782, 0.0007134834651973333, -0.0007179931474284809, 0]
rectification_matrix:
  rows: 3
  cols: 3
  data: [0.9998824961254312, -0.002495057022799314, -0.01512509941884257, 0.002481583921189029, 0.9999965072871413, -0.0009094804891805493, 0.01512731579689497, 0.0008718394181750498, 0.9998851955163703]
projection_matrix:
  rows: 3
  cols: 4
  data: [1049.028445373842, 0, 683.1145172119141, -251.8346847504802, 0, 1049.028445373842, 474.1531791687012, 0, 0, 0, 1, 0]