image_width: 1280
image_height: 960
camera_name: 00b09d0100bec852_wide_right
camera_matrix:
  rows: 3
  cols: 3
  data: [1039.397127057463, 0, 674.6196884836246, 0, 1036.454937544132, 473.1767367480077, 0, 0, 1]
distortion_model: plumb_bob
distortion_coefficients:
  rows: 1
  cols: 5
  data: [-0.3493985614653127, 0.1307805191697995, -0.0002350400037619188, -0.001370998316572059, 0]
rectification_matrix:
  rows: 3
  cols: 3
  data: [0.9999981994145193, -0.001894905582957719, 0.0001024721960545378, 0.001894717580961863, 0.9999965766326224, 0.001804651856781089, -0.00010589149013327, -0.001804454451479737, 0.999998366364228]
projection_matrix:
  rows: 3
  cols: 4
  data: [1004.321053939674, 0, 679.1529769897461, -241.24888859761, 0, 1004.321053939674, 490.7599983215332, 0, 0, 0, 1, 0]